i1: 6
i10: 21
i11: 1
i12: 10
i13: 12
i14: 3
i15: 0
i2: 297
i3: 2
i4: 476
i5: 1045
il100: 92
il110: 19
il50: 28
il60: 338
il70: 9
il80: 197
il90: 59
io: 580
ip: 190
p1: 29
p10: 244
p11: 969
p12: 106
p13: 4
p14: 18
p15: 4
p16: 12
p17: 19
p18: 28
p19: 87
p2: 9
p20: 2
p21: 2
p22: 26
p23: 163
p24: 1
p25: 36
p26: 515
p27: 84
p28: 1
p3: 111
p4: 2
p5: 258
p6: 69
p7: 0
p8: 9
p9: 40
pa10: 5
pa12: 3
pa13: 11
pa14: 44
pa8: 1
pb: 41
pc: 0
pg: 104
ph1.5: 2
ph2: 4
ph2.1: 1
ph2.2: 6
ph2.4: 1
ph2.5: 8
ph2.8: 3
ph2.9: 2
ph3: 15
ph3.2: 1
ph3.5: 4
ph3.8: 0
ph4: 83
ph4.2: 15
ph4.3: 2
ph4.5: 122
ph4.8: 2
ph5: 73
ph5.3: 1
ph5.5: 0
pl10: 14
pl100: 449
pl110: 26
pl120: 208
pl15: 31
pl20: 98
pl25: 5
pl30: 374
pl35: 3
pl40: 874
pl5: 269
pl50: 660
pl60: 526
pl65: 0
pl70: 103
pl80: 579
pl90: 42
pm10: 13
pm13: 1
pm15: 7
pm1.5: 0
pm2: 4
pm20: 107
pm25: 0
pm30: 75
pm35: 4
pm40: 3
pm46: 0
pm5: 2
pm50: 2
pm55: 98
pm8: 1
pn: 1887
pne: 1379
po: 735
pr10: 1
pr100: 2
pr20: 13
pr30: 11
pr40: 136
pr45: 0
pr50: 10
pr60: 11
pr70: 3
pr80: 1
ps: 16
pw2: 1
pw2.5: 1
pw3: 3
pw3.2: 5
pw3.5: 1
pw4: 6
pw4.2: 1
pw4.5: 3
w1: 0
w10: 3
w12: 1
w13: 90
w16: 5
w18: 4
w20: 5
w21: 9
w22: 17
w24: 0
w28: 0
w3: 11
w30: 37
w31: 0
w32: 70
w34: 3
w35: 2
w37: 2
w38: 2
w41: 6
w42: 5
w43: 0
w44: 0
w45: 7
w46: 4
w47: 11
w48: 0
w49: 0
w5: 1
w50: 0
w55: 109
w56: 0
w57: 263
w58: 35
w59: 122
w60: 0
w62: 0
w63: 31
w66: 1
w8: 1
wo: 73
i6: 0
i7: 0
i8: 0
i9: 0
ilx: 0
p29: 0
w29: 0
w33: 0
w36: 0
w39: 0
w4: 0
w40: 0
w51: 0
w52: 0
w53: 0
w54: 0
w6: 0
w61: 0
w64: 0
w65: 0
w67: 0
w7: 0
w9: 0
pax: 0
pd: 0
pe: 0
phx: 0
plx: 0
pmx: 0
pnl: 0
prx: 0
pwx: 0
w11: 0
w14: 0
w15: 5
w17: 0
w19: 0
w2: 0
w23: 0
w25: 0
w26: 0
w27: 0
pl0: 1
pl4: 0
pl3: 0
pm2.5: 0
ph4.4: 0
pn40: 0
ph3.3: 0
ph2.6: 0
-------------
sum obj: 16527
mean per classes: 74.78280542986425
mean obj per image: 2.707125307125307
median obj per image: 2.0
max obj per image: 13
mode obj per image: 1
-------------
