i2: 297
i4: 476
i5: 1045
il100: 92
il60: 338
il80: 197
io: 580
ip: 190
p10: 244
p11: 969
p12: 106
p19: 87
p23: 163
p26: 515
p27: 84
p3: 111
p5: 258
p6: 69
pg: 104
ph4: 83
ph4.5: 122
ph5: 73
pl100: 449
pl120: 208
pl20: 98
pl30: 373
pl40: 874
pl5: 269
pl50: 660
pl60: 526
pl70: 103
pl80: 578
pm20: 107
pm30: 75
pm55: 98
pn: 1886
pne: 1379
po: 735
pr40: 136
w13: 90
w32: 70
w55: 109
w57: 263
w59: 122
wo: 73
-------------
sum obj: 15484
mean per classes: 344.0888888888889
mean obj per image: 2.537112895297395
median obj per image: 2.0
max obj per image: 12
mode obj per image: 1
-------------
